1 17.140970 0.851942
2 18.568967 0.840068
3 16.570584 0.852049
4 17.657212 0.848499
5 19.180174 0.849181
6 19.533644 0.845637
7 19.569298 0.854722
8 15.337899 0.854984
9 18.139310 0.844750
10 19.534200 0.845287
11 17.820652 0.845152
12 15.564072 0.850526
13 17.687363 0.847869
14 17.080927 0.848233
15 16.213593 0.846517
16 17.695640 0.850738
17 19.968015 0.845382
18 16.601310 0.840265
19 17.715625 0.846614
20 16.058910 0.850525
21 17.580315 0.845064
22 16.985728 0.846546
23 17.747144 0.843924
24 18.412438 0.845350
25 18.855213 0.847636
26 19.382840 0.840072
27 18.512298 0.846681
28 18.937385 0.845764
29 16.024865 0.845102
30 18.260740 0.846627
31 14.845258 0.853147
32 17.153646 0.839256
33 18.917393 0.843571
34 17.810201 0.841077
35 19.420447 0.846062
36 20.413527 0.848578
37 17.216730 0.848261
38 16.989686 0.851130
39 17.126966 0.849406
40 18.925461 0.848669
41 17.504697 0.846245
42 16.854212 0.848883
43 17.119325 0.853399
44 17.790985 0.850271
45 18.158891 0.849038
46 17.362579 0.850677
47 15.976140 0.851794
48 18.736719 0.848480
49 17.616070 0.850313
50 18.939976 0.842055
51 19.050876 0.843140
52 18.522576 0.838259
53 18.291610 0.845064
54 19.452431 0.843813
55 19.199392 0.845857
56 18.876083 0.843989
57 17.607393 0.852421
58 17.996964 0.845489
59 18.031296 0.844746
60 17.797329 0.844491
61 15.598790 0.855503
62 18.278996 0.841604
63 18.645545 0.825496
64 17.812302 0.839048
65 16.859405 0.847674
66 17.329554 0.847275
67 18.348759 0.842793
68 19.006049 0.845392
69 18.469246 0.847461
70 16.095301 0.851617
71 17.305816 0.856087
72 18.028248 0.851894
73 18.185871 0.852901
74 16.686866 0.851321
75 18.266592 0.849860
76 19.134768 0.836424
77 18.534046 0.847841
78 16.873452 0.843589
79 18.391076 0.843892
80 17.112011 0.845201
81 18.095373 0.848159
82 19.168308 0.837593
83 17.461127 0.843448
84 18.197545 0.847308
85 17.571867 0.845456
86 19.226378 0.846619
87 18.817455 0.848589
88 18.547819 0.845811
89 17.757567 0.843110
90 18.796911 0.844733
91 18.337598 0.841592
92 18.538729 0.846059
93 18.387448 0.846547
94 18.746956 0.849904
95 16.743372 0.849749
96 17.195571 0.846985
97 19.029614 0.849212
98 18.842252 0.844219
99 18.134129 0.844792
100 18.919675 0.843712
101 19.495531 0.850820
102 18.019281 0.848644
103 20.157657 0.847782
104 18.686680 0.845597
105 19.425317 0.845039
106 18.482393 0.846712
107 16.937625 0.849555
108 16.558364 0.842661
109 18.116939 0.851046
110 17.692898 0.850148
111 19.259666 0.843450
112 17.166284 0.843254
113 17.447517 0.849313
114 17.784287 0.852580
115 17.640195 0.853859
116 17.849002 0.848515
117 18.458709 0.844877
118 17.383610 0.852060
119 16.819753 0.854783
120 16.936428 0.850178
121 16.260134 0.848942
122 17.125897 0.851285
123 18.080946 0.848062
124 18.075624 0.847512
125 18.257881 0.849563
126 16.430399 0.849443
127 17.907793 0.847319
128 17.452399 0.846699
