0.01	-7.604483E-6
0.99	0.003990234
1.99	0.00805268
2.99	0.0120966
3.99	0.01618168
4.99	0.02027506
5.99	0.02439219
6.99	0.02848723
7.99	0.03257733
8.99	0.03667678
9.99	0.04072637
11	0.04475527
12	0.04868003
12.99	0.0524027
13.99	0.0558299
15	0.05897756
15.99	0.06194648
17	0.06480325
18	0.06754921
19	0.07024036
19.99	0.07284945
21	0.0754142
22	0.07793719
23	0.08041329
24	0.08284688
25	0.08525742
26	0.08762658
27	0.08996215
28	0.09226445
29	0.09453139
30	0.09678581
31	0.0989816
32	0.1011723
33	0.1033354
34	0.1054971
35	0.1076258
36	0.1097204
37	0.1118208
38	0.1138905
39	0.1159416
40	0.1180166
41	0.1200501
42	0.1220585
43	0.1240949
44	0.1261353
45	0.128132
46	0.1301716
47	0.1321684
48	0.1341646
49	0.1361607
50	0.1381115
51.01	0.1401084
52	0.142086
53	0.1440118
54.01	0.1460074
55	0.1479862
56	0.1499546
57.01	0.1519059
58	0.1538828
59.01	0.155848
60.01	0.1578039
61.01	0.1597515
62.01	0.1616811
63.01	0.1636476
64.01	0.1655638
65.01	0.1675147
66.01	0.169463
67.01	0.1713829
68.01	0.1733227
69.01	0.1752734
70.01	0.1772226
71.01	0.1791303
72.01	0.1810808
73.01	0.1829426
74.01	0.1848624
75.01	0.1867989
76.01	0.1886606
77.01	0.1905737
78.01	0.1925165
79.01	0.1944239
80.01	0.1963723
81.01	0.1982779
82.01	0.2002214
83.01	0.2021332
84.01	0.2040386
85.01	0.2059439
86.01	0.2078565
87.02	0.2097626
88.01	0.2116596
89.02	0.2136068
90.01	0.2155103
91.01	0.2174154
92.02	0.2193237
93.02	0.2212285
94.02	0.2231334
95.01	0.2250548
96.02	0.2269462
97.02	0.2288454
98.02	0.2307516
99.02	0.2326557
100.02	0.2345157
101.01	0.2364204
102.02	0.2383241
103.02	0.2402281
104.01	0.242132
105.02	0.2440361
106.02	0.2459396
107.01	0.2478434
108.02	0.249747
109.02	0.2516081
110.02	0.2535222
111.02	0.2554132
112.02	0.2572907
113.02	0.2591952
114.02	0.2610787
115.02	0.2629817
116.02	0.2648846
117.02	0.2667875
118.02	0.2686855
119.02	0.2705609
120.02	0.2724514
121.02	0.2743098
122.02	0.2762131
123.02	0.2780993
124.02	0.2799706
125.02	0.2818747
126.02	0.2837485
127.02	0.2856346
128.02	0.2875365
129.02	0.28941
130.02	0.2913109
131.02	0.2931975
132.02	0.295085
133.01	0.2969563
134.01	0.2988344
135.02	0.3007146
136.01	0.3025733
137.01	0.3044725
138.01	0.30637
139.01	0.3082302
140.01	0.310131
140.01	0.3101264
139.01	0.3082429
138.01	0.3063736
137.02	0.3045168
136.02	0.3026164
135.01	0.3007588
134.01	0.2988615
133.01	0.2969864
132.02	0.2951039
131.01	0.2932198
130.02	0.2913383
129.02	0.2894366
128.02	0.2875365
127.02	0.2856346
126.02	0.2837326
125.02	0.2818305
124.02	0.2799279
123.02	0.2780441
122.02	0.2761644
121.02	0.2742649
120.02	0.2723632
119.02	0.270498
118.02	0.2685886
117.02	0.2666589
116.02	0.2647962
115.02	0.2628767
114.02	0.2609802
113.02	0.2590868
112.02	0.2571689
111.02	0.2552806
110.02	0.2533948
109.02	0.2514736
108.02	0.2496137
107.02	0.2477106
106.02	0.2458069
105.02	0.243903
104.02	0.2419991
103.02	0.2400952
102.02	0.2381913
101.02	0.2362871
100.02	0.2343827
99.01	0.2325228
98.01	0.2306185
97.01	0.228714
96.01	0.2268472
95.02	0.2249493
94.02	0.2230447
93.02	0.2211395
92.02	0.219235
91.01	0.2173303
90.02	0.2154241
89.01	0.2135203
88.01	0.2115901
87.02	0.2097101
86.01	0.2078049
85.01	0.2058955
84.01	0.2039937
83.01	0.2020889
82.01	0.2001723
81.01	0.1982391
80.01	0.1963391
79.01	0.1944222
78.01	0.1925157
77.01	0.1905665
76.01	0.1886598
75.01	0.1867989
74.01	0.1848919
73.01	0.1829488
72.01	0.1811251
71.01	0.1791747
70.01	0.1772684
69.01	0.1753178
68.01	0.1734026
67.01	0.1714607
66.01	0.1695199
65.01	0.1675986
64.01	0.1656525
63.01	0.1637439
62.01	0.1617948
61.01	0.1598473
60.01	0.1579363
59.01	0.1559858
58	0.1540346
57.01	0.1520832
56	0.1501314
55.01	0.1481681
54.01	0.1461894
53	0.1442333
52	0.1422807
51.01	0.1403301
50	0.1383341
49	0.1363823
48	0.1343892
47	0.1324172
46	0.130402
45	0.1284056
44	0.126407
43	0.1244013
42	0.1223644
41	0.1203235
40	0.1183049
39	0.1162442
38	0.1142019
37	0.1121601
36	0.1100742
35	0.1079881
34	0.1058595
33	0.1037294
32	0.1015553
31	0.09938096
30	0.09719876
29	0.09496517
28	0.09271315
27	0.09042811
26	0.0881083
25	0.08575212
24	0.08336
23	0.08094303
22	0.07849018
21	0.075989
19.99	0.07344286
19	0.07085793
18	0.06819512
16.99	0.06547821
15.99	0.06266507
15	0.0597282
14	0.05668905
12.99	0.05338244
12	0.04967666
11	0.04581536
9.99	0.04177858
8.99	0.03765889
7.99	0.03356558
6.99	0.02946933
5.99	0.02537451
4.99	0.02124351
3.99	0.01713501
2.99	0.01300784
2	0.008917702
0.99	0.004784583
0.01	6.337691E-4
-0.01	6.294438E-4
-0.99	-0.003488277
-1.99	-0.007620827
-2.99	-0.01165592
-3.99	-0.01578569
-4.99	-0.0198972
-5.99	-0.02403075
-6.99	-0.02813132
-7.99	-0.03222812
-8.99	-0.03634301
-9.99	-0.04040171
-11	-0.04444291
-12	-0.04836768
-12.99	-0.05210293
-14	-0.05555298
-15	-0.05871657
-15.99	-0.06169247
-16.99	-0.06455509
-18	-0.06730673
-19	-0.0699989
-20	-0.07261548
-21	-0.07518141
-22	-0.07770554
-22.99	-0.08017915
-24	-0.08261733
-25	-0.08502388
-26	-0.08739581
-27	-0.08973359
-28	-0.09203586
-29	-0.09429918
-30	-0.0965507
-31	-0.09876612
-32	-0.1009405
-33	-0.1031147
-34	-0.105281
-35	-0.1073795
-36	-0.1094859
-37	-0.1115849
-38	-0.113631
-39	-0.1157127
-40	-0.1177568
-41	-0.1198089
-42	-0.1218385
-43	-0.1238811
-44	-0.1259179
-45	-0.1279162
-46	-0.1299277
-47	-0.1319086
-48.01	-0.1339048
-49	-0.1358981
-50	-0.1378526
-51.01	-0.1398486
-52	-0.1418433
-53	-0.1437961
-54.01	-0.1457919
-55	-0.1477561
-56.01	-0.1497333
-57.01	-0.1516906
-58	-0.1536418
-59.01	-0.1555953
-60.01	-0.1575443
-61.01	-0.1594954
-62.01	-0.1614464
-63.01	-0.1633976
-64.01	-0.1653485
-65.01	-0.1672994
-66.01	-0.1692456
-67.01	-0.1711621
-68.01	-0.1731397
-69.01	-0.1750644
-70.01	-0.1769271
-71.01	-0.1788707
-72.01	-0.1808015
-73.01	-0.1826747
-74.01	-0.1845912
-75.01	-0.1865394
-76.01	-0.1884527
-77.01	-0.1903955
-78.01	-0.1923346
-79.01	-0.1942514
-80.01	-0.1961667
-81.01	-0.1981069
-82.01	-0.1999987
-83.01	-0.201918
-84.01	-0.2038234
-85.01	-0.2057288
-86.01	-0.2076783
-87.01	-0.2095836
-88.01	-0.2114887
-89.01	-0.2134289
-90.02	-0.2153431
-91.01	-0.217248
-92.02	-0.219153
-93.01	-0.2210577
-94.01	-0.2229622
-95.02	-0.224867
-96.02	-0.226744
-97.02	-0.2286528
-98.02	-0.2305416
-99.02	-0.2324577
-100.02	-0.234389
-101.02	-0.2362869
-102.02	-0.2381975
-103.02	-0.2401016
-104.02	-0.2420055
-105.02	-0.243902
-106.02	-0.2457812
-107.01	-0.2476733
-108.02	-0.2495763
-109.02	-0.2514799
-110.02	-0.2533832
-111.02	-0.2552866
-112.02	-0.2571834
-113.03	-0.2590775
-114.02	-0.2609598
-115.02	-0.2628555
-116.02	-0.2647605
-117.02	-0.2666208
-118.02	-0.2685198
-119.02	-0.2704225
-120.02	-0.2722809
-121.02	-0.2741833
-122.02	-0.2760687
-123.02	-0.2779506
-124.02	-0.2798463
-125.02	-0.2817485
-126.02	-0.2836505
-127.02	-0.2855259
-128.02	-0.2874103
-129.02	-0.2892823
-130.02	-0.2911695
-131.02	-0.2930671
-132.02	-0.2949284
-133.01	-0.296799
-134.01	-0.2986872
-135.01	-0.3005883
-136.02	-0.3024456
-137.02	-0.3043464
-138.01	-0.3062218
-139.01	-0.308104
-140.01	-0.3100047
-140.01	-0.3099714
-139.01	-0.3081167
-138.01	-0.3062473
-137.02	-0.3043879
-136.02	-0.3024894
-135.01	-0.3005884
-134.01	-0.298704
-133.01	-0.2968248
-132.02	-0.2949284
-131.02	-0.2930699
-130.01	-0.2911695
-129.02	-0.2892678
-128.02	-0.2873917
-127.02	-0.2854862
-126.02	-0.2835908
-125.02	-0.2817007
-124.02	-0.2797958
-123.02	-0.2778993
-122.02	-0.2759973
-121.02	-0.2740948
-120.02	-0.2721923
-119.02	-0.2703339
-118.02	-0.2684312
-117.02	-0.2665294
-116.02	-0.2646697
-115.02	-0.262766
-114.02	-0.2608637
-113.02	-0.2589606
-112.02	-0.2570572
-111.02	-0.255154
-110.02	-0.253271
-109.02	-0.2513498
-108.02	-0.249486
-107.01	-0.2475838
-106.02	-0.2456804
-105.02	-0.2438007
-104.02	-0.2419168
-103.02	-0.240013
-102.02	-0.2381089
-101.01	-0.2362048
-100.02	-0.2343006
-99.02	-0.2323958
-98.02	-0.230492
-97.02	-0.2285875
-96.02	-0.2266841
-95.02	-0.2248227
-94.01	-0.2229181
-93.02	-0.2210134
-92.02	-0.21915
-91.01	-0.217214
-90.02	-0.2153267
-89.02	-0.213426
-88.01	-0.2114886
-87.02	-0.2095836
-86.02	-0.2076784
-85.01	-0.2057731
-84.01	-0.2038677
-83.01	-0.2019703
-82.01	-0.2000568
-81.01	-0.1981513
-80.01	-0.1962456
-79.01	-0.19434
-78.01	-0.1924333
-77.01	-0.1904953
-76.01	-0.1885782
-75.01	-0.1866547
-74.01	-0.1847331
-73.01	-0.182816
-72.01	-0.1809539
-71.01	-0.179048
-70.01	-0.1770986
-69.01	-0.1752355
-68.01	-0.1733256
-67.01	-0.1713783
-66.01	-0.1694387
-65.01	-0.1675211
-64.01	-0.1655702
-63.01	-0.1636192
-62.01	-0.1616911
-61.01	-0.1597434
-60.01	-0.1578123
-59.01	-0.1558616
-58	-0.153919
-57.01	-0.1519985
-56.01	-0.150029
-55.01	-0.1480626
-54.01	-0.1461024
-53	-0.1441509
-52	-0.1421649
-51.01	-0.1402026
-50	-0.1382074
-49	-0.1362551
-48	-0.1342901
-47	-0.1322853
-46	-0.1303117
-45	-0.1283154
-44	-0.1263192
-43.01	-0.1243198
-42	-0.1222821
-41	-0.1202413
-40	-0.1182066
-39	-0.1161596
-38	-0.1141187
-37	-0.1120539
-36	-0.1099855
-35	-0.1078705
-34	-0.1057771
-33	-0.1036472
-32	-0.1014948
-31	-0.09930176
-30	-0.09712198
-29	-0.09489232
-28	-0.09264046
-27	-0.09035506
-26	-0.08802325
-25	-0.08567926
-24	-0.08328852
-23	-0.08087555
-22	-0.07841819
-21	-0.07591637
-19.99	-0.07337199
-19	-0.07077941
-18	-0.06812226
-17	-0.06540386
-15.99	-0.06259678
-15	-0.05965324
-14	-0.05662123
-12.99	-0.05331581
-12	-0.04961983
-11	-0.04575188
-9.99	-0.04171938
-8.99	-0.03759703
-7.99	-0.03350233
-6.99	-0.02940753
-5.99	-0.0253021
-4.99	-0.02118463
-3.99	-0.017073
-2.99	-0.01295154
-1.99	-0.008917629
-0.99	-0.004756321
-0.01	-6.395844E-4

